[gd_scene load_steps=10 format=2]

[ext_resource path="res://addons/zylann.hterrain/hterrain.gd" type="Script" id=1]
[ext_resource path="res://addons/zylann.hterrain/hterrain_texture_set.gd" type="Script" id=2]
[ext_resource path="res://slot0_normal_roughness.packed_tex" type="Texture" id=3]
[ext_resource path="res://slot0_albedo_bump.packed_tex" type="Texture" id=4]
[ext_resource path="res://terrain_data/data.hterrain" type="Resource" id=5]
[ext_resource path="res://untitled.fbx" type="PackedScene" id=6]

[sub_resource type="ProceduralSky" id=1]

[sub_resource type="Environment" id=2]
background_mode = 2
background_sky = SubResource( 1 )
tonemap_mode = 3
adjustment_enabled = true

[sub_resource type="Resource" id=3]
script = ExtResource( 2 )
mode = 0
textures = [ [ ExtResource( 4 ), null ], [ ExtResource( 3 ), null ] ]

[node name="Spatial" type="Spatial"]

[node name="DirectionalLight" type="DirectionalLight" parent="."]
transform = Transform( 1, 0, 0, 0, -0.707107, 0.707107, 0, -0.707107, -0.707107, 0, 0, 0 )
light_color = Color( 0.996078, 1, 0.654902, 1 )

[node name="Camera" type="Camera" parent="."]
transform = Transform( -0.0925301, -0.0690646, 0.993312, 0.00129054, 0.997582, 0.0694818, -0.995709, 0.00771107, -0.0922173, 59.9366, 14.4973, 226.29 )

[node name="WorldEnvironment" type="WorldEnvironment" parent="."]
environment = SubResource( 2 )

[node name="HTerrain" type="Spatial" parent="."]
script = ExtResource( 1 )
_terrain_data = ExtResource( 5 )
chunk_size = 32
collision_enabled = true
collision_layer = 1
collision_mask = 1
shader_type = "Classic4Lite"
custom_shader = null
custom_globalmap_shader = null
texture_set = SubResource( 3 )
shader_params/u_ground_uv_scale = 20
shader_params/u_depth_blending = true
shader_params/u_triplanar = false
shader_params/u_tile_reduction = Plane( 0, 0, 0, 0 )

[node name="untitled" parent="HTerrain" instance=ExtResource( 6 )]
transform = Transform( 0.00050055, -0.112812, -0.993616, -0.000157514, 0.993616, -0.112812, 1, 0.000212988, 0.00047958, 47.0949, 13.6701, 226.824 )
